10, 6, 5
10, 10, 9
10, 5, 4
10, 10, 9
10, 4, 3
10, 9, 8
10, 8, 7
10, 6, 5
10, 9, 8
10, 6, 5
10, 4, 3
10, 7, 6
10, 6, 5
10, 4, 3
10, 4, 3
10, 6, 5
10, 3, 2
10, 6, 5
10, 9, 8
10, 12, 11
10, 8, 7
10, 8, 7
10, 4, 3
10, 7, 6
10, 9, 8
10, 5, 4
10, 9, 8
10, 5, 4
10, 3, 2
10, 4, 3
20, 5, 4
20, 17, 16
20, 10, 9
20, 16, 15
20, 13, 12
20, 19, 18
20, 13, 12
20, 7, 6
20, 3, 2
20, 8, 7
20, 9, 8
20, 3, 2
20, 13, 12
20, 12, 11
20, 15, 14
20, 12, 11
20, 14, 13
20, 16, 15
20, 4, 3
20, 18, 17
20, 15, 14
20, 8, 7
20, 14, 13
20, 17, 16
20, 11, 10
20, 19, 18
20, 20, 19
20, 18, 17
20, 12, 11
20, 19, 18
30, 8, 7
30, 25, 24
30, 32, 31
30, 25, 24
30, 17, 16
30, 13, 12
30, 32, 31
30, 16, 15
30, 26, 25
30, 31, 30
30, 11, 10
30, 32, 31
30, 22, 21
30, 20, 19
30, 10, 9
30, 13, 12
30, 18, 17
30, 32, 31
30, 17, 16
30, 29, 28
30, 18, 17
30, 28, 27
30, 3, 2
30, 18, 17
30, 13, 12
30, 21, 20
30, 4, 3
30, 29, 28
30, 15, 14
30, 24, 23
40, 6, 5
40, 40, 39
40, 4, 3
40, 14, 13
40, 31, 30
40, 27, 26
40, 25, 24
40, 19, 18
40, 20, 19
40, 36, 35
40, 8, 7
40, 27, 26
40, 6, 5
40, 6, 5
40, 5, 4
40, 22, 21
40, 17, 16
40, 8, 7
40, 22, 21
40, 42, 41
40, 33, 32
40, 25, 24
40, 35, 34
40, 24, 23
40, 41, 40
40, 36, 35
40, 23, 22
40, 21, 20
40, 10, 9
40, 13, 12
50, 42, 41
50, 32, 31
50, 41, 40
50, 32, 31
50, 33, 32
50, 8, 7
50, 37, 36
50, 14, 13
50, 45, 44
50, 35, 34
50, 48, 47
50, 29, 28
50, 30, 29
50, 50, 49
50, 3, 2
50, 30, 29
50, 20, 19
50, 48, 47
50, 44, 43
50, 47, 46
50, 16, 15
50, 5, 4
50, 10, 9
50, 39, 38
50, 47, 46
50, 27, 26
50, 50, 49
50, 45, 44
50, 5, 4
50, 46, 45
60, 16, 15
60, 53, 52
60, 36, 35
60, 53, 52
60, 51, 50
60, 15, 14
60, 27, 26
60, 34, 33
60, 16, 15
60, 50, 49
60, 6, 5
60, 20, 19
60, 55, 54
60, 32, 31
60, 47, 46
60, 16, 15
60, 8, 7
60, 3, 2
60, 20, 19
60, 10, 9
60, 58, 57
60, 52, 51
60, 43, 42
60, 4, 3
60, 8, 7
60, 25, 24
60, 36, 35
60, 14, 13
60, 28, 27
60, 59, 58
70, 8, 7
70, 60, 59
70, 38, 37
70, 20, 19
70, 9, 8
70, 37, 36
70, 22, 21
70, 24, 23
70, 9, 8
70, 64, 63
70, 42, 41
70, 21, 20
70, 22, 21
70, 13, 12
70, 28, 27
70, 45, 44
70, 17, 16
70, 32, 31
70, 33, 32
70, 3, 2
70, 37, 36
70, 9, 8
70, 3, 2
70, 16, 15
70, 68, 67
70, 47, 46
70, 39, 38
70, 12, 11
70, 19, 18
70, 43, 42
80, 47, 46
80, 73, 72
80, 71, 70
80, 43, 42
80, 28, 27
80, 58, 57
80, 36, 35
80, 36, 35
80, 50, 49
80, 81, 80
80, 78, 77
80, 78, 77
80, 9, 8
80, 66, 65
80, 19, 18
80, 23, 22
80, 18, 17
80, 82, 81
80, 31, 30
80, 7, 6
80, 51, 50
80, 66, 65
80, 44, 43
80, 21, 20
80, 9, 8
80, 58, 57
80, 34, 33
80, 36, 35
80, 58, 57
80, 18, 17
90, 84, 83
90, 13, 12
90, 29, 28
90, 63, 62
90, 92, 91
90, 23, 22
90, 36, 35
90, 36, 35
90, 67, 66
90, 82, 81
90, 64, 63
90, 71, 70
90, 45, 44
90, 39, 38
90, 44, 43
90, 10, 9
90, 28, 27
90, 18, 17
90, 87, 86
90, 37, 36
90, 53, 52
90, 86, 85
90, 20, 19
90, 3, 2
90, 3, 2
90, 57, 56
90, 48, 47
90, 84, 83
90, 89, 88
90, 82, 81
100, 50, 49
100, 11, 10
100, 50, 49
100, 65, 64
100, 9, 8
100, 20, 19
100, 45, 44
100, 91, 90
100, 91, 90
100, 88, 87
100, 49, 48
100, 21, 20
100, 6, 5
100, 90, 89
100, 98, 97
100, 68, 67
100, 67, 66
100, 64, 63
100, 42, 41
100, 20, 19
100, 47, 46
100, 21, 20
100, 34, 33
100, 5, 4
100, 62, 61
100, 82, 81
100, 18, 17
100, 86, 85
100, 34, 33
100, 44, 43
