10, 2, 1
10, 2, 1
10, 7, 1
10, 8, 1
10, 9, 1
10, 8, 1
10, 11, 1
10, 6, 1
10, 5, 1
10, 11, 1
10, 10, 1
10, 9, 1
10, 4, 1
10, 9, 1
10, 4, 1
10, 9, 1
10, 11, 1
10, 9, 1
10, 6, 1
10, 7, 1
10, 9, 1
10, 2, 1
10, 9, 1
10, 6, 1
10, 8, 1
10, 7, 1
10, 6, 1
10, 7, 1
10, 10, 1
10, 9, 1
20, 3, 1
20, 12, 1
20, 9, 1
20, 10, 1
20, 10, 1
20, 16, 1
20, 16, 1
20, 9, 1
20, 20, 1
20, 21, 1
20, 10, 1
20, 18, 1
20, 19, 1
20, 5, 1
20, 15, 1
20, 21, 1
20, 12, 1
20, 6, 1
20, 10, 1
20, 18, 1
20, 11, 1
20, 9, 1
20, 18, 1
20, 21, 1
20, 3, 1
20, 16, 1
20, 6, 1
20, 10, 1
20, 11, 1
20, 16, 1
30, 17, 1
30, 15, 1
30, 17, 1
30, 17, 1
30, 23, 1
30, 7, 1
30, 11, 1
30, 20, 1
30, 17, 1
30, 22, 1
30, 29, 1
30, 15, 1
30, 10, 1
30, 8, 1
30, 10, 1
30, 16, 1
30, 29, 1
30, 10, 1
30, 30, 1
30, 27, 1
30, 26, 1
30, 12, 1
30, 24, 1
30, 14, 1
30, 31, 1
30, 28, 1
30, 18, 1
30, 7, 1
30, 26, 1
30, 10, 1
40, 21, 1
40, 13, 1
40, 23, 1
40, 26, 1
40, 10, 1
40, 26, 1
40, 24, 1
40, 10, 1
40, 16, 1
40, 29, 1
40, 32, 1
40, 6, 1
40, 34, 1
40, 22, 1
40, 32, 1
40, 23, 1
40, 26, 1
40, 30, 1
40, 33, 1
40, 7, 1
40, 35, 1
40, 8, 1
40, 9, 1
40, 40, 1
40, 2, 1
40, 10, 1
40, 26, 1
40, 31, 1
40, 35, 1
40, 32, 1
50, 19, 1
50, 24, 1
50, 45, 1
50, 42, 1
50, 41, 1
50, 44, 1
50, 38, 1
50, 3, 1
50, 14, 1
50, 33, 1
50, 10, 1
50, 14, 1
50, 27, 1
50, 4, 1
50, 4, 1
50, 7, 1
50, 15, 1
50, 31, 1
50, 27, 1
50, 47, 1
50, 16, 1
50, 41, 1
50, 15, 1
50, 3, 1
50, 9, 1
50, 45, 1
50, 41, 1
50, 25, 1
50, 46, 1
50, 26, 1
60, 5, 1
60, 15, 1
60, 28, 1
60, 58, 1
60, 47, 1
60, 37, 1
60, 60, 1
60, 24, 1
60, 20, 1
60, 42, 1
60, 7, 1
60, 38, 1
60, 46, 1
60, 2, 1
60, 21, 1
60, 59, 1
60, 59, 1
60, 36, 1
60, 48, 1
60, 57, 1
60, 3, 1
60, 34, 1
60, 36, 1
60, 36, 1
60, 35, 1
60, 25, 1
60, 42, 1
60, 56, 1
60, 58, 1
60, 36, 1
70, 20, 1
70, 13, 1
70, 42, 1
70, 18, 1
70, 19, 1
70, 47, 1
70, 44, 1
70, 60, 1
70, 49, 1
70, 22, 1
70, 60, 1
70, 54, 1
70, 11, 1
70, 7, 1
70, 56, 1
70, 22, 1
70, 56, 1
70, 56, 1
70, 36, 1
70, 42, 1
70, 71, 1
70, 30, 1
70, 16, 1
70, 27, 1
70, 24, 1
70, 39, 1
70, 12, 1
70, 56, 1
70, 25, 1
70, 60, 1
80, 31, 1
80, 15, 1
80, 11, 1
80, 71, 1
80, 81, 1
80, 30, 1
80, 56, 1
80, 23, 1
80, 28, 1
80, 56, 1
80, 76, 1
80, 79, 1
80, 80, 1
80, 37, 1
80, 14, 1
80, 25, 1
80, 57, 1
80, 38, 1
80, 71, 1
80, 43, 1
80, 60, 1
80, 12, 1
80, 71, 1
80, 74, 1
80, 27, 1
80, 46, 1
80, 73, 1
80, 69, 1
80, 80, 1
80, 18, 1
90, 17, 1
90, 51, 1
90, 31, 1
90, 66, 1
90, 72, 1
90, 90, 1
90, 34, 1
90, 59, 1
90, 34, 1
90, 63, 1
90, 3, 1
90, 30, 1
90, 42, 1
90, 51, 1
90, 55, 1
90, 46, 1
90, 76, 1
90, 22, 1
90, 42, 1
90, 67, 1
90, 33, 1
90, 82, 1
90, 57, 1
90, 75, 1
90, 56, 1
90, 72, 1
90, 39, 1
90, 49, 1
90, 21, 1
90, 17, 1
100, 17, 1
100, 36, 1
100, 89, 1
100, 66, 1
100, 22, 1
100, 49, 1
100, 26, 1
100, 57, 1
100, 36, 1
100, 80, 1
100, 98, 1
100, 29, 1
100, 48, 1
100, 28, 1
100, 81, 1
100, 3, 1
100, 62, 1
100, 95, 1
100, 13, 1
100, 4, 1
100, 91, 1
100, 65, 1
100, 76, 1
100, 16, 1
100, 58, 1
100, 32, 1
100, 99, 1
100, 67, 1
100, 59, 1
100, 48, 1
