10, 4, 4
10, 4, 4
10, 9, 9
10, 12, 12
10, 13, 13
10, 17, 17
10, 18, 18
10, 19, 19
10, 14, 14
10, 13, 13
10, 18, 18
10, 20, 20
10, 16, 16
10, 22, 22
10, 22, 22
10, 22, 22
10, 22, 22
10, 22, 22
10, 24, 24
10, 30, 30
10, 32, 32
10, 27, 27
10, 26, 26
10, 33, 33
10, 33, 33
10, 34, 34
10, 33, 33
10, 34, 34
10, 35, 35
10, 39, 39
20, 6, 6
20, 8, 8
20, 23, 23
20, 22, 22
20, 17, 17
20, 11, 11
20, 14, 14
20, 28, 28
20, 12, 12
20, 29, 29
20, 23, 23
20, 20, 20
20, 16, 16
20, 26, 26
20, 20, 20
20, 23, 23
20, 34, 34
20, 27, 27
20, 29, 29
20, 29, 29
20, 29, 29
20, 30, 30
20, 25, 25
20, 33, 33
20, 31, 31
20, 43, 43
20, 41, 41
20, 49, 49
20, 50, 50
20, 49, 49
30, 10, 10
30, 15, 15
30, 17, 17
30, 20, 20
30, 34, 34
30, 21, 21
30, 14, 14
30, 21, 21
30, 13, 13
30, 39, 39
30, 40, 40
30, 25, 25
30, 39, 39
30, 25, 25
30, 39, 39
30, 36, 36
30, 32, 32
30, 45, 45
30, 34, 34
30, 34, 34
30, 46, 46
30, 52, 52
30, 33, 33
30, 40, 40
30, 41, 41
30, 51, 51
30, 48, 48
30, 57, 57
30, 41, 41
30, 61, 61
40, 18, 18
40, 42, 42
40, 6, 6
40, 43, 43
40, 7, 7
40, 45, 45
40, 48, 48
40, 16, 16
40, 38, 38
40, 23, 23
40, 27, 27
40, 28, 28
40, 46, 46
40, 32, 32
40, 49, 49
40, 31, 31
40, 54, 54
40, 55, 55
40, 40, 40
40, 59, 59
40, 39, 39
40, 57, 57
40, 50, 50
40, 29, 29
40, 62, 62
40, 38, 38
40, 35, 35
40, 43, 43
40, 58, 58
40, 37, 37
50, 4, 4
50, 47, 47
50, 47, 47
50, 19, 19
50, 36, 36
50, 31, 31
50, 57, 57
50, 18, 18
50, 39, 39
50, 18, 18
50, 21, 21
50, 26, 26
50, 24, 24
50, 46, 46
50, 66, 66
50, 59, 59
50, 21, 21
50, 63, 63
50, 56, 56
50, 42, 42
50, 51, 51
50, 24, 24
50, 36, 36
50, 50, 50
50, 30, 30
50, 45, 45
50, 52, 52
50, 68, 68
50, 42, 42
50, 33, 33
60, 57, 57
60, 25, 25
60, 17, 17
60, 53, 53
60, 62, 62
60, 58, 58
60, 37, 37
60, 12, 12
60, 50, 50
60, 69, 69
60, 21, 21
60, 42, 42
60, 63, 63
60, 22, 22
60, 53, 53
60, 74, 74
60, 67, 67
60, 39, 39
60, 68, 68
60, 44, 44
60, 40, 40
60, 60, 60
60, 77, 77
60, 35, 35
60, 86, 86
60, 42, 42
60, 46, 46
60, 63, 63
60, 74, 74
60, 79, 79
70, 35, 35
70, 10, 10
70, 44, 44
70, 59, 59
70, 21, 21
70, 41, 41
70, 13, 13
70, 21, 21
70, 46, 46
70, 65, 65
70, 29, 29
70, 46, 46
70, 55, 55
70, 49, 49
70, 46, 46
70, 73, 73
70, 68, 68
70, 45, 45
70, 85, 85
70, 67, 67
70, 59, 59
70, 54, 54
70, 75, 75
70, 73, 73
70, 67, 67
70, 78, 78
70, 61, 61
70, 96, 96
70, 43, 43
70, 76, 76
80, 75, 75
80, 19, 19
80, 6, 6
80, 16, 16
80, 66, 66
80, 11, 11
80, 33, 33
80, 83, 83
80, 46, 46
80, 80, 80
80, 48, 48
80, 34, 34
80, 84, 84
80, 30, 30
80, 50, 50
80, 66, 66
80, 88, 88
80, 91, 91
80, 73, 73
80, 34, 34
80, 100, 100
80, 83, 83
80, 98, 98
80, 74, 74
80, 73, 73
80, 32, 32
80, 76, 76
80, 67, 67
80, 32, 32
80, 92, 92
90, 54, 54
90, 66, 66
90, 88, 88
90, 59, 59
90, 80, 80
90, 79, 79
90, 24, 24
90, 78, 78
90, 44, 44
90, 52, 52
90, 17, 17
90, 91, 91
90, 54, 54
90, 20, 20
90, 68, 68
90, 61, 61
90, 100, 100
90, 81, 81
90, 56, 56
90, 74, 74
90, 97, 97
90, 87, 87
90, 76, 76
90, 104, 104
90, 87, 87
90, 34, 34
90, 30, 30
90, 116, 116
90, 83, 83
90, 103, 103
100, 17, 17
100, 18, 18
100, 39, 39
100, 84, 84
100, 102, 102
100, 56, 56
100, 27, 27
100, 91, 91
100, 46, 46
100, 43, 43
100, 83, 83
100, 92, 92
100, 104, 104
100, 35, 35
100, 107, 107
100, 19, 19
100, 70, 70
100, 40, 40
100, 112, 112
100, 28, 28
100, 65, 65
100, 30, 30
100, 53, 53
100, 118, 118
100, 50, 50
100, 126, 126
100, 46, 46
100, 103, 103
100, 84, 84
100, 112, 112
