10, 10, 2
10, 10, 2
10, 6, 2
10, 1, 2
10, 3, 2
10, 7, 2
10, 8, 2
10, 9, 2
10, 2, 2
10, 10, 2
10, 4, 2
10, 2, 2
10, 5, 2
10, 9, 2
10, 7, 2
10, 8, 2
10, 2, 2
10, 4, 2
10, 5, 2
10, 2, 2
10, 7, 2
10, 6, 2
10, 7, 2
10, 10, 2
10, 1, 2
10, 4, 2
10, 4, 2
10, 3, 2
10, 8, 2
10, 10, 2
20, 19, 2
20, 7, 2
20, 19, 2
20, 4, 2
20, 7, 2
20, 13, 2
20, 13, 2
20, 6, 2
20, 12, 2
20, 16, 2
20, 18, 2
20, 5, 2
20, 9, 2
20, 2, 2
20, 15, 2
20, 17, 2
20, 19, 2
20, 9, 2
20, 20, 2
20, 15, 2
20, 10, 2
20, 6, 2
20, 13, 2
20, 19, 2
20, 17, 2
20, 3, 2
20, 2, 2
20, 12, 2
20, 7, 2
20, 2, 2
30, 2, 2
30, 16, 2
30, 18, 2
30, 22, 2
30, 21, 2
30, 17, 2
30, 15, 2
30, 25, 2
30, 14, 2
30, 6, 2
30, 20, 2
30, 21, 2
30, 2, 2
30, 20, 2
30, 24, 2
30, 16, 2
30, 7, 2
30, 2, 2
30, 26, 2
30, 16, 2
30, 9, 2
30, 26, 2
30, 24, 2
30, 1, 2
30, 6, 2
30, 10, 2
30, 15, 2
30, 19, 2
30, 14, 2
30, 11, 2
40, 20, 2
40, 7, 2
40, 28, 2
40, 8, 2
40, 18, 2
40, 29, 2
40, 6, 2
40, 34, 2
40, 13, 2
40, 1, 2
40, 21, 2
40, 25, 2
40, 34, 2
40, 24, 2
40, 4, 2
40, 7, 2
40, 2, 2
40, 12, 2
40, 11, 2
40, 7, 2
40, 28, 2
40, 9, 2
40, 34, 2
40, 1, 2
40, 31, 2
40, 39, 2
40, 22, 2
40, 35, 2
40, 38, 2
40, 35, 2
50, 27, 2
50, 17, 2
50, 43, 2
50, 17, 2
50, 16, 2
50, 21, 2
50, 5, 2
50, 23, 2
50, 36, 2
50, 49, 2
50, 4, 2
50, 29, 2
50, 15, 2
50, 7, 2
50, 2, 2
50, 31, 2
50, 33, 2
50, 13, 2
50, 32, 2
50, 43, 2
50, 32, 2
50, 1, 2
50, 33, 2
50, 25, 2
50, 13, 2
50, 3, 2
50, 34, 2
50, 25, 2
50, 9, 2
50, 21, 2
60, 31, 2
60, 48, 2
60, 49, 2
60, 24, 2
60, 4, 2
60, 45, 2
60, 6, 2
60, 20, 2
60, 17, 2
60, 13, 2
60, 60, 2
60, 2, 2
60, 21, 2
60, 25, 2
60, 28, 2
60, 45, 2
60, 45, 2
60, 13, 2
60, 9, 2
60, 36, 2
60, 47, 2
60, 60, 2
60, 7, 2
60, 50, 2
60, 57, 2
60, 9, 2
60, 34, 2
60, 20, 2
60, 45, 2
60, 53, 2
70, 52, 2
70, 68, 2
70, 12, 2
70, 50, 2
70, 3, 2
70, 7, 2
70, 6, 2
70, 28, 2
70, 46, 2
70, 65, 2
70, 62, 2
70, 45, 2
70, 56, 2
70, 45, 2
70, 49, 2
70, 16, 2
70, 59, 2
70, 65, 2
70, 58, 2
70, 59, 2
70, 23, 2
70, 54, 2
70, 21, 2
70, 69, 2
70, 45, 2
70, 7, 2
70, 19, 2
70, 19, 2
70, 38, 2
70, 36, 2
80, 23, 2
80, 11, 2
80, 63, 2
80, 14, 2
80, 22, 2
80, 45, 2
80, 80, 2
80, 38, 2
80, 4, 2
80, 37, 2
80, 22, 2
80, 55, 2
80, 41, 2
80, 27, 2
80, 31, 2
80, 2, 2
80, 52, 2
80, 19, 2
80, 6, 2
80, 21, 2
80, 60, 2
80, 18, 2
80, 77, 2
80, 32, 2
80, 68, 2
80, 1, 2
80, 8, 2
80, 59, 2
80, 79, 2
80, 27, 2
90, 34, 2
90, 41, 2
90, 27, 2
90, 28, 2
90, 36, 2
90, 48, 2
90, 74, 2
90, 57, 2
90, 37, 2
90, 19, 2
90, 3, 2
90, 18, 2
90, 25, 2
90, 16, 2
90, 37, 2
90, 46, 2
90, 67, 2
90, 90, 2
90, 56, 2
90, 64, 2
90, 63, 2
90, 35, 2
90, 74, 2
90, 9, 2
90, 26, 2
90, 11, 2
90, 29, 2
90, 85, 2
90, 71, 2
90, 38, 2
100, 73, 2
100, 64, 2
100, 30, 2
100, 1, 2
100, 63, 2
100, 28, 2
100, 19, 2
100, 78, 2
100, 16, 2
100, 57, 2
100, 56, 2
100, 9, 2
100, 17, 2
100, 21, 2
100, 86, 2
100, 83, 2
100, 96, 2
100, 92, 2
100, 84, 2
100, 13, 2
100, 35, 2
100, 66, 2
100, 18, 2
100, 60, 2
100, 44, 2
100, 65, 2
100, 41, 2
100, 35, 2
100, 32, 2
100, 11, 2
