10, 11, 1
10, 3, 1
10, 5, 1
10, 5, 1
10, 10, 1
10, 6, 1
10, 9, 1
10, 7, 1
10, 9, 1
10, 5, 1
10, 7, 1
10, 9, 1
10, 2, 1
10, 10, 1
10, 10, 1
10, 8, 1
10, 6, 1
10, 4, 1
10, 10, 1
10, 7, 1
10, 5, 1
10, 9, 1
10, 7, 1
10, 11, 1
10, 11, 1
10, 10, 1
10, 8, 1
10, 7, 1
10, 4, 1
10, 6, 1
20, 6, 1
20, 15, 1
20, 8, 1
20, 11, 1
20, 18, 1
20, 8, 1
20, 8, 1
20, 18, 1
20, 3, 1
20, 15, 1
20, 21, 1
20, 10, 1
20, 2, 1
20, 14, 1
20, 18, 1
20, 12, 1
20, 10, 1
20, 12, 1
20, 4, 1
20, 18, 1
20, 20, 1
20, 20, 1
20, 17, 1
20, 7, 1
20, 19, 1
20, 16, 1
20, 7, 1
20, 7, 1
20, 3, 1
20, 20, 1
30, 12, 1
30, 27, 1
30, 25, 1
30, 20, 1
30, 29, 1
30, 22, 1
30, 6, 1
30, 25, 1
30, 30, 1
30, 9, 1
30, 18, 1
30, 11, 1
30, 27, 1
30, 31, 1
30, 23, 1
30, 5, 1
30, 21, 1
30, 13, 1
30, 27, 1
30, 6, 1
30, 21, 1
30, 15, 1
30, 24, 1
30, 6, 1
30, 22, 1
30, 23, 1
30, 2, 1
30, 18, 1
30, 8, 1
30, 4, 1
40, 38, 1
40, 40, 1
40, 21, 1
40, 21, 1
40, 8, 1
40, 8, 1
40, 13, 1
40, 34, 1
40, 33, 1
40, 33, 1
40, 21, 1
40, 12, 1
40, 33, 1
40, 28, 1
40, 11, 1
40, 36, 1
40, 11, 1
40, 32, 1
40, 28, 1
40, 17, 1
40, 8, 1
40, 27, 1
40, 12, 1
40, 30, 1
40, 2, 1
40, 5, 1
40, 33, 1
40, 34, 1
40, 3, 1
40, 10, 1
50, 46, 1
50, 9, 1
50, 30, 1
50, 36, 1
50, 30, 1
50, 7, 1
50, 24, 1
50, 24, 1
50, 31, 1
50, 36, 1
50, 5, 1
50, 41, 1
50, 8, 1
50, 8, 1
50, 17, 1
50, 9, 1
50, 13, 1
50, 9, 1
50, 51, 1
50, 31, 1
50, 4, 1
50, 8, 1
50, 36, 1
50, 46, 1
50, 48, 1
50, 28, 1
50, 49, 1
50, 20, 1
50, 41, 1
50, 20, 1
60, 10, 1
60, 37, 1
60, 29, 1
60, 8, 1
60, 51, 1
60, 30, 1
60, 25, 1
60, 36, 1
60, 34, 1
60, 35, 1
60, 52, 1
60, 9, 1
60, 36, 1
60, 18, 1
60, 56, 1
60, 23, 1
60, 37, 1
60, 29, 1
60, 52, 1
60, 46, 1
60, 8, 1
60, 36, 1
60, 34, 1
60, 12, 1
60, 11, 1
60, 31, 1
60, 61, 1
60, 40, 1
60, 11, 1
60, 50, 1
70, 21, 1
70, 61, 1
70, 65, 1
70, 50, 1
70, 37, 1
70, 37, 1
70, 58, 1
70, 3, 1
70, 23, 1
70, 52, 1
70, 58, 1
70, 53, 1
70, 50, 1
70, 44, 1
70, 51, 1
70, 4, 1
70, 35, 1
70, 16, 1
70, 41, 1
70, 8, 1
70, 12, 1
70, 59, 1
70, 2, 1
70, 55, 1
70, 39, 1
70, 41, 1
70, 46, 1
70, 48, 1
70, 42, 1
70, 47, 1
80, 38, 1
80, 71, 1
80, 46, 1
80, 14, 1
80, 59, 1
80, 61, 1
80, 39, 1
80, 48, 1
80, 44, 1
80, 10, 1
80, 48, 1
80, 80, 1
80, 23, 1
80, 56, 1
80, 2, 1
80, 32, 1
80, 10, 1
80, 78, 1
80, 48, 1
80, 11, 1
80, 64, 1
80, 48, 1
80, 58, 1
80, 4, 1
80, 33, 1
80, 56, 1
80, 26, 1
80, 7, 1
80, 4, 1
80, 26, 1
90, 34, 1
90, 81, 1
90, 77, 1
90, 48, 1
90, 23, 1
90, 76, 1
90, 40, 1
90, 52, 1
90, 22, 1
90, 2, 1
90, 22, 1
90, 59, 1
90, 51, 1
90, 35, 1
90, 35, 1
90, 31, 1
90, 85, 1
90, 44, 1
90, 17, 1
90, 33, 1
90, 73, 1
90, 51, 1
90, 29, 1
90, 32, 1
90, 34, 1
90, 23, 1
90, 36, 1
90, 70, 1
90, 50, 1
90, 90, 1
100, 96, 1
100, 43, 1
100, 61, 1
100, 41, 1
100, 39, 1
100, 4, 1
100, 75, 1
100, 67, 1
100, 56, 1
100, 68, 1
100, 98, 1
100, 56, 1
100, 67, 1
100, 47, 1
100, 29, 1
100, 60, 1
100, 68, 1
100, 84, 1
100, 34, 1
100, 66, 1
100, 77, 1
100, 78, 1
100, 5, 1
100, 57, 1
100, 18, 1
100, 19, 1
100, 28, 1
100, 4, 1
100, 97, 1
100, 96, 1
