10, 1, 2
10, 1, 2
10, 1, 2
10, 1, 2
10, 1, 2
10, 1, 2
10, 1, 2
10, 1, 2
10, 1, 2
10, 1, 2
10, 1, 2
10, 1, 2
10, 1, 2
10, 1, 2
10, 1, 2
10, 1, 2
10, 1, 2
10, 1, 2
10, 1, 2
10, 1, 2
10, 1, 2
10, 1, 2
10, 1, 2
10, 1, 2
10, 1, 2
10, 1, 2
10, 1, 2
10, 1, 2
10, 1, 2
10, 1, 2
20, 1, 2
20, 1, 2
20, 1, 2
20, 1, 2
20, 1, 2
20, 1, 2
20, 1, 2
20, 1, 2
20, 1, 2
20, 1, 2
20, 1, 2
20, 1, 2
20, 1, 2
20, 1, 2
20, 1, 2
20, 1, 2
20, 1, 2
20, 1, 2
20, 1, 2
20, 1, 2
20, 1, 2
20, 1, 2
20, 1, 2
20, 1, 2
20, 1, 2
20, 1, 2
20, 1, 2
20, 1, 2
20, 1, 2
20, 1, 2
30, 1, 2
30, 1, 2
30, 1, 2
30, 1, 2
30, 1, 2
30, 1, 2
30, 1, 2
30, 1, 2
30, 1, 2
30, 1, 2
30, 1, 2
30, 1, 2
30, 1, 2
30, 1, 2
30, 1, 2
30, 1, 2
30, 1, 2
30, 1, 2
30, 1, 2
30, 1, 2
30, 1, 2
30, 1, 2
30, 1, 2
30, 1, 2
30, 1, 2
30, 1, 2
30, 1, 2
30, 1, 2
30, 1, 2
30, 1, 2
40, 1, 2
40, 1, 2
40, 1, 2
40, 1, 2
40, 1, 2
40, 1, 2
40, 1, 2
40, 1, 2
40, 1, 2
40, 1, 2
40, 1, 2
40, 1, 2
40, 1, 2
40, 1, 2
40, 1, 2
40, 1, 2
40, 1, 2
40, 1, 2
40, 1, 2
40, 1, 2
40, 1, 2
40, 1, 2
40, 1, 2
40, 1, 2
40, 1, 2
40, 1, 2
40, 1, 2
40, 1, 2
40, 1, 2
40, 1, 2
50, 1, 2
50, 1, 2
50, 1, 2
50, 1, 2
50, 1, 2
50, 1, 2
50, 1, 2
50, 1, 2
50, 1, 2
50, 1, 2
50, 1, 2
50, 1, 2
50, 1, 2
50, 1, 2
50, 1, 2
50, 1, 2
50, 1, 2
50, 1, 2
50, 1, 2
50, 1, 2
50, 1, 2
50, 1, 2
50, 1, 2
50, 1, 2
50, 1, 2
50, 1, 2
50, 1, 2
50, 1, 2
50, 1, 2
50, 1, 2
60, 1, 2
60, 1, 2
60, 1, 2
60, 1, 2
60, 1, 2
60, 1, 2
60, 1, 2
60, 1, 2
60, 1, 2
60, 1, 2
60, 1, 2
60, 1, 2
60, 1, 2
60, 1, 2
60, 1, 2
60, 1, 2
60, 1, 2
60, 1, 2
60, 1, 2
60, 1, 2
60, 1, 2
60, 1, 2
60, 1, 2
60, 1, 2
60, 1, 2
60, 1, 2
60, 1, 2
60, 1, 2
60, 1, 2
60, 1, 2
70, 1, 2
70, 1, 2
70, 1, 2
70, 1, 2
70, 1, 2
70, 1, 2
70, 1, 2
70, 1, 2
70, 1, 2
70, 1, 2
70, 1, 2
70, 1, 2
70, 1, 2
70, 1, 2
70, 1, 2
70, 1, 2
70, 1, 2
70, 1, 2
70, 1, 2
70, 1, 2
70, 1, 2
70, 1, 2
70, 1, 2
70, 1, 2
70, 1, 2
70, 1, 2
70, 1, 2
70, 1, 2
70, 1, 2
70, 1, 2
80, 1, 2
80, 1, 2
80, 1, 2
80, 1, 2
80, 1, 2
80, 1, 2
80, 1, 2
80, 1, 2
80, 1, 2
80, 1, 2
80, 1, 2
80, 1, 2
80, 1, 2
80, 1, 2
80, 1, 2
80, 1, 2
80, 1, 2
80, 1, 2
80, 1, 2
80, 1, 2
80, 1, 2
80, 1, 2
80, 1, 2
80, 1, 2
80, 1, 2
80, 1, 2
80, 1, 2
80, 1, 2
80, 1, 2
80, 1, 2
90, 1, 2
90, 1, 2
90, 1, 2
90, 1, 2
90, 1, 2
90, 1, 2
90, 1, 2
90, 1, 2
90, 1, 2
90, 1, 2
90, 1, 2
90, 1, 2
90, 1, 2
90, 1, 2
90, 1, 2
90, 1, 2
90, 1, 2
90, 1, 2
90, 1, 2
90, 1, 2
90, 1, 2
90, 1, 2
90, 1, 2
90, 1, 2
90, 1, 2
90, 1, 2
90, 1, 2
90, 1, 2
90, 1, 2
90, 1, 2
100, 1, 2
100, 1, 2
100, 1, 2
100, 1, 2
100, 1, 2
100, 1, 2
100, 1, 2
100, 1, 2
100, 1, 2
100, 1, 2
100, 1, 2
100, 1, 2
100, 1, 2
100, 1, 2
100, 1, 2
100, 1, 2
100, 1, 2
100, 1, 2
100, 1, 2
100, 1, 2
100, 1, 2
100, 1, 2
100, 1, 2
100, 1, 2
100, 1, 2
100, 1, 2
100, 1, 2
100, 1, 2
100, 1, 2
100, 1, 2
