10, 1, 1
10, 3, 3
10, 1, 1
10, 3, 3
10, 1, 1
10, 3, 3
10, 3, 3
10, 3, 3
10, 3, 3
10, 3, 3
10, 3, 3
10, 3, 3
10, 3, 3
10, 3, 3
10, 3, 3
10, 3, 3
10, 3, 3
10, 3, 3
10, 3, 3
10, 3, 3
10, 3, 3
10, 3, 3
10, 3, 3
10, 3, 3
10, 3, 3
10, 3, 3
10, 3, 3
10, 3, 3
10, 3, 3
10, 3, 3
20, 3, 3
20, 3, 3
20, 3, 3
20, 3, 3
20, 3, 3
20, 3, 3
20, 3, 3
20, 3, 3
20, 3, 3
20, 3, 3
20, 1, 1
20, 3, 3
20, 3, 3
20, 3, 3
20, 3, 3
20, 3, 3
20, 3, 3
20, 3, 3
20, 3, 3
20, 3, 3
20, 3, 3
20, 3, 3
20, 3, 3
20, 3, 3
20, 3, 3
20, 3, 3
20, 3, 3
20, 3, 3
20, 3, 3
20, 3, 3
30, 3, 3
30, 3, 3
30, 3, 3
30, 3, 3
30, 3, 3
30, 3, 3
30, 3, 3
30, 3, 3
30, 3, 3
30, 3, 3
30, 3, 3
30, 1, 1
30, 1, 1
30, 3, 3
30, 3, 3
30, 3, 3
30, 3, 3
30, 3, 3
30, 3, 3
30, 3, 3
30, 3, 3
30, 3, 3
30, 3, 3
30, 3, 3
30, 3, 3
30, 3, 3
30, 3, 3
30, 3, 3
30, 3, 3
30, 3, 3
40, 3, 3
40, 3, 3
40, 3, 3
40, 3, 3
40, 3, 3
40, 3, 3
40, 3, 3
40, 3, 3
40, 3, 3
40, 3, 3
40, 3, 3
40, 3, 3
40, 3, 3
40, 3, 3
40, 3, 3
40, 3, 3
40, 3, 3
40, 3, 3
40, 3, 3
40, 3, 3
40, 3, 3
40, 3, 3
40, 3, 3
40, 3, 3
40, 3, 3
40, 3, 3
40, 3, 3
40, 3, 3
40, 3, 3
40, 3, 3
50, 3, 3
50, 3, 3
50, 3, 3
50, 3, 3
50, 3, 3
50, 3, 3
50, 3, 3
50, 3, 3
50, 3, 3
50, 3, 3
50, 3, 3
50, 3, 3
50, 3, 3
50, 3, 3
50, 3, 3
50, 3, 3
50, 3, 3
50, 3, 3
50, 3, 3
50, 3, 3
50, 3, 3
50, 3, 3
50, 3, 3
50, 3, 3
50, 3, 3
50, 3, 3
50, 3, 3
50, 3, 3
50, 3, 3
50, 3, 3
60, 3, 3
60, 3, 3
60, 3, 3
60, 3, 3
60, 1, 1
60, 3, 3
60, 3, 3
60, 3, 3
60, 3, 3
60, 3, 3
60, 3, 3
60, 3, 3
60, 3, 3
60, 3, 3
60, 3, 3
60, 3, 3
60, 3, 3
60, 3, 3
60, 3, 3
60, 3, 3
60, 3, 3
60, 3, 3
60, 3, 3
60, 3, 3
60, 3, 3
60, 3, 3
60, 3, 3
60, 3, 3
60, 3, 3
60, 3, 3
70, 3, 3
70, 3, 3
70, 3, 3
70, 3, 3
70, 3, 3
70, 3, 3
70, 3, 3
70, 3, 3
70, 3, 3
70, 3, 3
70, 3, 3
70, 3, 3
70, 3, 3
70, 3, 3
70, 3, 3
70, 3, 3
70, 3, 3
70, 3, 3
70, 3, 3
70, 3, 3
70, 3, 3
70, 3, 3
70, 3, 3
70, 3, 3
70, 3, 3
70, 3, 3
70, 3, 3
70, 3, 3
70, 3, 3
70, 3, 3
80, 3, 3
80, 3, 3
80, 3, 3
80, 3, 3
80, 3, 3
80, 3, 3
80, 3, 3
80, 3, 3
80, 3, 3
80, 3, 3
80, 3, 3
80, 3, 3
80, 3, 3
80, 3, 3
80, 3, 3
80, 3, 3
80, 3, 3
80, 3, 3
80, 3, 3
80, 3, 3
80, 3, 3
80, 3, 3
80, 3, 3
80, 3, 3
80, 3, 3
80, 3, 3
80, 3, 3
80, 3, 3
80, 3, 3
80, 3, 3
90, 3, 3
90, 3, 3
90, 3, 3
90, 3, 3
90, 3, 3
90, 3, 3
90, 3, 3
90, 3, 3
90, 3, 3
90, 3, 3
90, 3, 3
90, 3, 3
90, 3, 3
90, 3, 3
90, 3, 3
90, 3, 3
90, 3, 3
90, 3, 3
90, 3, 3
90, 3, 3
90, 3, 3
90, 3, 3
90, 3, 3
90, 3, 3
90, 3, 3
90, 3, 3
90, 3, 3
90, 3, 3
90, 3, 3
90, 3, 3
100, 3, 3
100, 3, 3
100, 3, 3
100, 3, 3
100, 3, 3
100, 3, 3
100, 3, 3
100, 3, 3
100, 3, 3
100, 3, 3
100, 3, 3
100, 3, 3
100, 3, 3
100, 3, 3
100, 3, 3
100, 3, 3
100, 3, 3
100, 3, 3
100, 3, 3
100, 3, 3
100, 3, 3
100, 3, 3
100, 3, 3
100, 3, 3
100, 3, 3
100, 3, 3
100, 3, 3
100, 3, 3
100, 3, 3
100, 3, 3
