10, 7, 2
10, 8, 2
10, 5, 2
10, 10, 2
10, 6, 2
10, 10, 2
10, 10, 2
10, 11, 2
10, 11, 2
10, 9, 2
10, 4, 2
10, 7, 2
10, 8, 2
10, 0, 0
10, 11, 2
10, 11, 2
10, 0, 0
10, 11, 2
10, 0, 0
10, 7, 2
10, 11, 2
10, 11, 2
10, 11, 2
10, 10, 2
10, 5, 2
10, 9, 2
10, 7, 2
10, 5, 2
10, 5, 2
10, 9, 2
20, 4, 2
20, 19, 2
20, 8, 2
20, 14, 2
20, 15, 2
20, 17, 2
20, 0, 0
20, 17, 2
20, 21, 2
20, 20, 2
20, 14, 2
20, 21, 2
20, 11, 2
20, 13, 2
20, 21, 2
20, 15, 2
20, 8, 2
20, 5, 2
20, 5, 2
20, 0, 0
20, 20, 2
20, 20, 2
20, 21, 2
20, 15, 2
20, 12, 2
20, 15, 2
20, 16, 2
20, 17, 2
20, 21, 2
20, 21, 2
30, 26, 2
30, 20, 2
30, 20, 2
30, 19, 2
30, 23, 2
30, 25, 2
30, 26, 2
30, 15, 2
30, 24, 2
30, 25, 2
30, 27, 2
30, 15, 2
30, 0, 0
30, 21, 2
30, 21, 2
30, 22, 2
30, 20, 2
30, 22, 2
30, 25, 2
30, 16, 2
30, 25, 2
30, 0, 0
30, 29, 2
30, 23, 2
30, 0, 0
30, 24, 2
30, 7, 2
30, 13, 2
30, 18, 2
30, 7, 2
40, 38, 2
40, 9, 2
40, 41, 2
40, 38, 2
40, 38, 2
40, 29, 2
40, 26, 2
40, 25, 2
40, 16, 2
40, 30, 2
40, 24, 2
40, 40, 2
40, 29, 2
40, 37, 2
40, 38, 2
40, 5, 2
40, 0, 0
40, 41, 2
40, 37, 2
40, 30, 2
40, 29, 2
40, 30, 2
40, 27, 2
40, 11, 2
40, 33, 2
40, 33, 2
40, 38, 2
40, 25, 2
40, 26, 2
40, 39, 2
50, 42, 2
50, 42, 2
50, 23, 2
50, 19, 2
50, 50, 2
50, 38, 2
50, 50, 2
50, 13, 2
50, 45, 2
50, 48, 2
50, 39, 2
50, 43, 2
50, 51, 2
50, 29, 2
50, 19, 2
50, 12, 2
50, 22, 2
50, 43, 2
50, 37, 2
50, 47, 2
50, 37, 2
50, 34, 2
50, 31, 2
50, 45, 2
50, 22, 2
50, 40, 2
50, 40, 2
50, 41, 2
50, 4, 2
50, 17, 2
60, 55, 2
60, 42, 2
60, 36, 2
60, 47, 2
60, 49, 2
60, 54, 2
60, 46, 2
60, 22, 2
60, 44, 2
60, 36, 2
60, 36, 2
60, 16, 2
60, 29, 2
60, 0, 0
60, 38, 2
60, 50, 2
60, 24, 2
60, 58, 2
60, 29, 2
60, 35, 2
60, 59, 2
60, 56, 2
60, 35, 2
60, 40, 2
60, 36, 2
60, 60, 2
60, 15, 2
60, 26, 2
60, 25, 2
60, 55, 2
70, 10, 2
70, 38, 2
70, 71, 2
70, 66, 2
70, 20, 2
70, 58, 2
70, 9, 2
70, 54, 2
70, 65, 2
70, 64, 2
70, 71, 2
70, 64, 2
70, 50, 2
70, 49, 2
70, 66, 2
70, 65, 2
70, 67, 2
70, 58, 2
70, 56, 2
70, 41, 2
70, 71, 2
70, 23, 2
70, 14, 2
70, 15, 2
70, 33, 2
70, 32, 2
70, 20, 2
70, 36, 2
70, 69, 2
70, 20, 2
80, 79, 2
80, 78, 2
80, 66, 2
80, 28, 2
80, 27, 2
80, 7, 2
80, 79, 2
80, 81, 2
80, 60, 2
80, 46, 2
80, 40, 2
80, 80, 2
80, 60, 2
80, 31, 2
80, 71, 2
80, 53, 2
80, 50, 2
80, 59, 2
80, 28, 2
80, 28, 2
80, 44, 2
80, 41, 2
80, 67, 2
80, 72, 2
80, 77, 2
80, 69, 2
80, 43, 2
80, 40, 2
80, 22, 2
80, 81, 2
90, 60, 2
90, 43, 2
90, 33, 2
90, 89, 2
90, 63, 2
90, 77, 2
90, 67, 2
90, 58, 2
90, 78, 2
90, 63, 2
90, 84, 2
90, 49, 2
90, 27, 2
90, 45, 2
90, 74, 2
90, 56, 2
90, 59, 2
90, 90, 2
90, 64, 2
90, 88, 2
90, 74, 2
90, 73, 2
90, 11, 2
90, 74, 2
90, 78, 2
90, 72, 2
90, 47, 2
90, 40, 2
90, 16, 2
90, 64, 2
100, 48, 2
100, 98, 2
100, 88, 2
100, 77, 2
100, 93, 2
100, 65, 2
100, 12, 2
100, 50, 2
100, 92, 2
100, 80, 2
100, 39, 2
100, 91, 2
100, 99, 2
100, 75, 2
100, 37, 2
100, 72, 2
100, 35, 2
100, 21, 2
100, 87, 2
100, 101, 2
100, 100, 2
100, 64, 2
100, 65, 2
100, 100, 2
100, 47, 2
100, 79, 2
100, 20, 2
100, 81, 2
100, 94, 2
100, 82, 2
